2250711438613
2250711434360
2250711435354
2250711431856
2250711433006
2250711434221
2250711432409
2250711438826
2250711438107
2250711433031
2250711430473
2250711437514
2250711437376
2250711439440
2250711438280
2250711433970
2250711432670
2250711434404
2250711439562
2250711435744
2250711438703
2250711438710
2250711433581
2250711439513
2250711435349
2250711437949
2250711438377
2250711430781
2250711432839
2250711434258
2250711438002
2250711435038
2250711433721
2250711432165
2250711433882
2250711433436
2250711437056
2250711435274
2250711430836
2250711434280
2250711433528
2250711437025
2250711439118
2250711438615
2250711432425
2250711433923
2250711433323
2250711439083
2250711435792
2250711438789
2250711439315
2250711432699
2250711433733
2250711438652
2250711434156
2250711436534
2250711439729
2250711434268
2250711434717
2250711430301
2250711430686
2250711431042
2250711433336
2250711434367
2250711439811
2250711430040
2250711434659
2250711430274
2250711430936
2250711430692
2250711435836
2250711431409
2250711436684
2250711431931
2250711433258
2250711433684
2250711433327
2250711430077
2250711434624
2250711431049
2250711430987
2250711432759
2250711430433
2250711438006
2250711430965
2250711433736
2250711439687
2250711437600
2250711435188
2250711439039
2250711436741
2250711433432
2250711435993
2250711431060
2250711437399
2250711431294
2250711439176
2250711434536
2250711437195
2250711430973
2250716165441
2250716168576
2250716166294
2250716169116
2250716164961
2250716161721
2250716161843
2250716167297
2250716163985
2250716160108
2250716167822
2250716166110
2250716169241
2250716167274
2250716161693
2250716164072
2250716167691
2250716162978
2250716162613
2250716161197
2250716166700
2250716161038
2250716165456
2250716161104
2250716160567
2250716166758
2250716163223
2250716168292
2250716163249
2250716161767
2250716169474
2250716164874
2250716162008
2250716163173
2250716165553
2250716162851
2250716161187
2250716169127
2250716164492
2250716169917
2250716166696
2250716169600
2250716160176
2250716160018
2250716164628
2250716161801
2250716169572
2250716164732
2250716169244
2250716165945
2250716165664
2250716163350
2250716168629
2250716165953
2250716162374
2250716169764
2250716169338
2250716160041
2250716169767
2250716165546
2250716162186
2250716164396
2250716164092
2250716166783
2250716165742
2250716167716
2250716165022
2250716161001
2250716168126
2250716164331
2250716166621
2250716163035
2250716164325
2250716167685
2250716160363
2250716160882
2250716162081
2250716161313
2250716165412
2250716168519
2250716165932
2250716167460
2250716162760
2250716163683
2250716167881
2250716165005
2250716161103
2250716166271
2250716167913
2250716164800
2250716161611
2250716165626
2250716167350
2250716169107
2250716160282
2250716161297
2250716166292
2250716163923
2250716168365
2250716169547
2250707200866
2250707202311
2250707201075
2250707200153
2250707202016
2250707205713
2250707209231
2250707206439
2250707203401
2250707207828
2250707200237
2250707203668
2250707205157
2250707206919
2250707207933
2250707205792
2250707205804
2250707205011
2250707209588
2250707200942
2250707204235
2250707206073
2250707209049
2250707203282
2250707209797
2250707201186
2250707204232
2250707208783
2250707201612
2250707205859
2250707204726
2250707206486
2250707207437
2250707201122
2250707202114
2250707200134
2250707204767
2250707200747
2250707202142
2250707208828
2250707205573
2250707209898
2250707201175
2250707202305
2250707202138
2250707202665
2250707206077
2250707207035
2250707204634
2250707202601
2250707200984
2250707201488
2250707201764
2250707201222
2250707208893
2250707209530
2250707201602
2250707201904
2250707204032
2250707200295
2250707206736
2250707208580
2250707201641
2250707209646
2250707206361
2250707208070
2250707203060
2250707209672
2250707202137
2250707206688
2250707209705
2250707201268
2250707204818
2250707208514
2250707208067
2250707204657
2250707200413
2250707204180
2250707203743
2250707206352
2250707201557
2250707208405
2250707207258
2250707207703
2250707203719
2250707204562
2250707200240
2250707202012
2250707203470
2250707201756
2250707200840
2250707209239
2250707202705
2250707209539
2250707204555
2250707204129
2250707207260
2250707208466
2250707204909
2250707201463
2250708547775
2250708546035
2250708547186
2250708542297
2250708548877
2250708549109
2250708546326
2250708549397
2250708544167
2250708546055
2250708546620
2250708546245
2250708543233
2250708544299
2250708540719
2250708540302
2250708540010
2250708542949
2250708548026
2250708541285
2250708544818
2250708548244
2250708540692
2250708540199
2250708545837
2250708544416
2250708547396
2250708543423
2250708542056
2250708548459
2250708548925
2250708549793
2250708540480
2250708546044
2250708547585
2250708548548
2250708542879
2250708541283
2250708545007
2250708545622
2250708549309
2250708549781
2250708543244
2250708546410
2250708549369
2250708543701
2250708542203
2250708544515
2250708544468
2250708544217
2250708545458
2250708547678
2250708540245
2250708545198
2250708547041
2250708540544
2250708548465
2250708542185
2250708540356
2250708547321
2250708549621
2250708543359
2250708544319
2250708545879
2250708545191
2250708544731
2250708544796
2250708542990
2250708542048
2250708544248
2250708541190
2250708549480
2250708547059
2250708545075
2250708544750
2250708546305
2250708543851
2250708541776
2250708545095
2250708544700
2250708549607
2250708541271
2250708544778
2250708545024
2250708545457
2250708548974
2250708543901
2250708543990
2250708548350
2250708540900
2250708547911
2250708545315
2250708548989
2250708544499
2250708541903
2250708541192
2250708541161
2250708549444
2250708543650
2250708544351