244915056861
244911440701
244915887761
244912120715
244919529307
244918773486
244913920721
244918711281
244910590244
244918994800
244913457296
244917542379
244917537989
244913213198
244911895078
244913457674
244919976984
244917809600
244914339841
244918753944
244915874227
244915440486
244915780323
244918405537
244913750079
244914149363
244917578168
244914855523
244914577198
244912764976
244914172782
244914272331
244916484293
244913891281
244919143638
244917606898
244916851045
244914642533
244918285922
244913668436
244912129618
244913579516
244914886391
244919183245
244912154243
244917424616
244911522032
244915191912
244910260920
244915533962
244919863727
244919114162
244919074397
244918306041
244916238380
244917526469
244918487361
244914292039
244911696708
244915962039
244913905980
244916220260
244918507022
244910195068
244910690269
244911351112
244919427716
244919557781
244917484513
244919732002
244914467864
244914183552
244918313390
244911366513
244919964594
244914820544
244919907087
244919336487
244912149263
244917678583
244910139579
244916976773
244918176840
244919933712
244912392247
244917724944
244916828237
244915130110
244919425755
244912775229
244913933808
244915720685
244918413116
244914655406
244916368955
244915958342
244915922564
244915505220
244913710544
244915316435