261387137027
261385953554
261381270396
261389740378
261382923152
261383853468
261381287129
261384228940
261387553706
261383726466
261383524786
261386948597
261386708133
261386715272
261387922397
261389390625
261386873130
261383148741
261380637263
261381975891
261380258345
261387926278
261385076976
261380010123
261383167208
261386104272
261386731677
261388279249
261381981823
261381072255
261387828813
261389883588
261384529540
261381283542
261388969512
261388389641
261383806009
261381398146
261382835143
261381495534
261383109979
261384329669
261385823653
261381965867
261386039049
261385992652
261387009031
261381519589
261383642240
261389877370
261383071186
261387624034
261387695365
261389461845
261383311540
261384592682
261382183170
261382658903
261384212878
261389840451
261380208335
261381377481
261389214668
261380786202
261386072984
261382600272
261385978783
261387653246
261381227361
261386131408
261381587661
261386447372
261389249380
261388647664
261382953838
261383594386
261389160906
261385456955
261389963544
261381770412
261388499843
261382555203
261384090647
261389343484
261385300930
261380280526
261383632984
261380532829
261383554115
261385163983
261385190146
261384334535
261388779203
261387994464
261387932647
261383520368
261385142256
261387228814
261383396376
261385109460