22365501146
22398882173
22363232024
22396888704
22398562533
22362252169
22367382931
22396607060
22366664608
22395660787
22363000519
22362964000
22395426667
22362338981
22368823022
22363127499
22395780392
22395330929
22364140920
22395830560
22398137090
22366098365
22367674281
22397411074
22363088487
22397580267
22369464490
22362768132
22360728779
22396785122
22396810321
22363232432
22398336878
22396111171
22389633708
22363851663
22360115014
22368318345
22368253259
22368780639
22368275634
22367395030
22365064889
22396577449
22396443366
22397271026
22369874108
22368833419
22398533078
22364434384
22360707855
22397358416
22389267644
22395703096
22398136185
22364162253
22398240274
22367351489
22396263661
22367461090
22368175745
22369778711
22360099837
22389915586
22399376915
22398249320
22368174683
22364827965
22363900164
22367980366
22363525781
22367578883
22369787425
22395889585
22364097304
22366910965
22396998501
22360104436
22395312615
22398695236
22389891520
22398951796
22365825818
22389339707
22360114392
22398265246
22399574776
22367135070
22369536831
22399306789
22396461345
22396480456
22364407364
22397814214
22369146892
22397130934
22389508356
22361052707
22363536650
22363586896
22398016739
22366634128
22364127777
22367135826
22362611713
22362283161
22361092136
22363200863
22369457120
22361390654
22364190863
22395812787
22365758506
22360563568
22399324920
22389863720
22369532504
22366342848
22367093429
22363986755
22389567872
22360757781
22399053584
22399406588
22368496364
22362841546
22369643545
22395996133
22367822386
22396011696
22366672462
22367634976
22368701716
22368058960
22361680157
22395254345
22389020158
22364821478
22367152817
22364291031
22368279744
22361823635
22389171004
22367758490
22368579692
22389198929
22367243068
22360899291
22364981615
22362932892
22398759188
22366780358
22361814610
22397008908
22368864366
22360575413
22395191028
22396119233
22369928029
22360636761
22395790790
22362442883
22360559903
22365775246
22369823296
22398313867
22399319955
22362803076
22367668599
22367233092
22361669197
22369725671
22367118380
22365121530
22365684488
22362237629
22395132486
22366096786
22398362501
22389896511
22398319129
22389041274
22360959773
22363681578
22368972794
22364377058
22366586701
22366178495
22396116963
22397345639
22366688176
22364891516
22368116738
22368214396
22367136376
22395372848
22368640660
22364206463
22398700882
22389550044