38343502354
38343516621
38343555456
38343568538
38343587942
38343718243
38343765111
38343805282
38343864808
38343869480
38343900212
38343923141
38343925633
38343943447
38343985405
38344656218
38344724430
38344800038
38348109131
38348184200
38348320239
38348400300
38348449044
38348450771
38348451717
38348496666
38348530009
38348575559
38348585221
38348590840
38348676226
38348762266
38348776779
38348802131
38348802801
38348888015
38349112419
38349143063
38349144437
38349159453
38349186615
38349188226
38349204836
38349231520
38349272907
38349341116
38349342486
38349372096
38349373704
38349402247
38349404672
38349407772
38349409531
38349411889
38349425403
38349469529
38349521387
38349526099
38349593023
38349614665
38349672688
38349677717
38349735925
38349756004
38349757777
38349791709
38349821913
38349833832
38349840922
38349840939
38349847785
38349855390
38349899225
38349989222
38349836548
38349793534
38349710517
38349646451
38349609493
38349551333
38349431303
38349425159
38349381884
38349358644
38349293475
38349281987
38349203689
38349103955
38348833611
38348808999
38348788049
38348714147
38348438767
38348300208
38348248418
38348170310
38345958459
38345782431
38345741807
38345395005
38345385695
38345322382
38344866332
38344717597
38344564453
38344242542
38344231114
38344223365
38344166636
38343988868
38343958905
38343904600
38343838707
38343835301
38343832882
38343816919
38343790151
38343719043
38343530641
38349999524
38349960643
38349960067
38349911922
38349909874
38349880757
38349867395
38349855372
38349836149
38349823201
38349812110
38349796542
38349720127
38349717565
38349717414
38349711952
38349706713
38349625988
38349615131
38349594335
38349559012
38349554931
38349355047
38349349869
38349340412
38349317292
38349313388
38349310035
38349283053
38349276377
38349261527
38349255836
38349230610
38349224375
38349222613
38349162386
38349145419
38349143596
38349106938
38348942944
38348880120
38348619181
38348614141
38348557507
38348355541
38345952011
38345777768
38345770787
38345755029
38345436549
38345368678
38345284572
38345233477
38344908857
38344841652
38344748696
38344712743
38344653777
38344461167
38344230660
38344195700
38344140698
38343949419
38343844221
38343582583
38343579474
38349997734
38349997350
38349995377
38349990747
38349988411
38349978037
38349969614
38349966781
38349963241
38349961686
38349951712
38349950486
38349922794
38349912914
38349909273
38349890984
38349882196
38349882098
38349874821
38349873363
38349857957
38349853711
38349845022
38349842024
38349840385
38349837400
38349837177
38349837003
38349831561
38349831419
38349830472
38349829333
38349826366
38349821245
38349803666
38349751804
38349742894
38349733112
38349722277
38349719892
38349718195
38349717785
38349712224
38349701638
38349700695
38349695779
38349678863
38349678776
38349677760
38349676678
38349676096
38349673639
38349673122
38349668854
38349663559
38349660050
38349650725
38349647973
38349646078
38349636650
38349634631
38349634564
38349633813
38349631078
38349622586
38349616111
38349610013
38349602957
38349586237
38349579446
38349578895
38349570090
38349565511
38349563575
38349561881
38349556739
38349550769
38349550155
38349550001
38349547591
38349536553
38349531449
38349531406
38349509616
38349502660
38349500061
38349466318
38349462762
38349460507
38349459701
38349454717
38349454596
38349448081
38349441193
38349440393
38349432741
38349416111
38349408676
38349407071
38349403136
38349399092
38349395178
38349394285
38349393321
38349390663
38349388397
38349386395
38349383483
38349374722
38349347005
38349330304
38349301818
38349301299
38349299801
38349292562
38349288944
38349280236
38349279379
38349274426
38349272801
38349266995
38349261826
38349251807
38349251630
38349248332
38349233399
38349229554
38349227883
38349222205
38349219715
38349216666
38349215801
38349213365
38349212347
38349204693
38349203688
38349200198
38349193888
38349193121
38349179539
38349178018
38349164399
38349163930
38349156333
38349154418
38349153799
38349151014
38349150015
38349148883
38349145329
38349141766
38349137672
38349134997
38349126572
38349119783
38349119111
38349112500
38349110720
38349109570
38349109253
38349107710
38349105825
38349104431
38349100197
38348995860
38348990055
38348895133
38348877488
38348869869
38348840025
38348815250
38348806400
38348773788
38348727371
38348681255
38348666177
38348642128
38348636256
38348613617
38348611380
38348585587
38348578068
38348552911
38348552590
38348514108
38348497008
38348470057
38348452011
38348433889
38348388851
38348380981
38348333620
38348322713
38348288122
38348237273
38348227758
38348185359
38348181849
38348179070
38348161175
38348160109
38348142528
38348100799
38345998787
38345990642
38345977395
38345956308
38345902339
38345848286
38345820005
38345809776
38345760061
38345714548
38345700423
38345486867
38345472113
38345444555
38345443685
38345442548
38345425631
38345421606
38345385311
38345380297
38345352644
38345349293
38345314242
38345309451
38345305783
38345304560
38345275247
38345251907
38345248990
38345239006
38345230668
38345225588
38345225092
38345223861
38345195706
38345108409
38344992427
38344992189
38344991834
38344935964
38344912113
38344909581
38344909254
38344900201
38344843912
38344822722
38344816505
38344751823
38344745325
38344713593
38344680802
38344679032
38344671879
38344671778
38344615533
38344607050
38344587700
38344545349
38344532212
38344518703
38344492210
38344462979
38344453494
38344450486
38344407868
38344401400
38344389983
38344377136
38344374478
38344358051
38344333883
38344286053
38344276847
38344235909
38344230185
38344182281
38344145660
38344128449
38344116575
38344015241
38343984949
38343984362
38343943769
38343903176
38343892473
38343890521
38343888454
38343884606
38343875976
38343872604
38343870665
38343854030
38343852595
38343850976
38343842325
38343839549
38343839502
38343839129
38343835356
38343834420
38343827729
38343819858
38343807325
38343801718
38343800852
38343777002
38343772358
38343755305
38343739928
38343718410
38343704840
38343700712
38343594340
38343580695
38343578773
38343552411
38343537539
38343535089
38343533092
38343526641
38343508834
38343506026
38349915218
38349890314
38349880512
38349820971
38349705529
38349632755
38349468234
38349405165
38349189208
38349119494
38349109433
38348800445
38348657313
38348607602
38348579589
38348474441
38348449219
38345860860
38345790384
38345711983
38345706389
38344954882
38344948614
38344947086
38344943467
38344916841
38344916755
38344915447
38344910324
38344874026
38344855808
38344717236
38344707178
38344700340
38344680083
38344659892
38344633554
38344584917
38344537666
38344516874
38344516564
38344515952
38344442527
38344400377
38344398683
38344375931
38344307831
38344306496
38344302400
38344300924
38344297321
38344289340
38344276264
38344253134
38344252089
38344190965
38344098418
38344066467
38344066163
38344030096
38344010930
38344005948
38343996991
38343940556
38343850944
38343743793
38349820292
38349319931
38345407407
38349948345
38349633211
38349258208
38344332395
38343880037
38343728725
38343722725
38343515503
38344907359
38343941849
38349564601
38349410309
38349416828
38349629371
38344785027
38343795018
38348181100
38349435144
38343993377
38344701263
38344543234